(1,8,9) = 6
(1,48,49) = 42
(1,63,64) = 42
(1,80,81) = 30
(1,224,225) = 210
(1,242,243) = 66
(1,288,289) = 102
(1,512,513) = 114
(1,624,625) = 390
(1,675,676) = 390
(1,728,729) = 546
(1,960,961) = 930
(1,1024,1025) = 410
(1,1215,1216) = 570
(1,2303,2304) = 1974
(1,2400,2401) = 210
(1,3024,3025) = 2310
(1,3887,3888) = 1794
(1,3968,3969) = 1302
(1,4095,4096) = 2730
(1,4374,4375) = 210
(1,5831,5832) = 714
(1,6399,6400) = 2370
(1,6560,6561) = 1230
(1,6655,6656) = 1430
(1,6859,6860) = 1330
(1,8575,8576) = 4690
(1,9375,9376) = 8790
(1,9408,9409) = 4074
(1,9800,9801) = 2310
(1,10647,10648) = 6006
(1,12167,12168) = 1794
(1,14336,14337) = 2478
(1,15624,15625) = 6510
(1,16128,16129) = 5334
(1,17576,17577) = 16926
(1,21951,21952) = 11382
(1,24299,24300) = 15510
(1,25920,25921) = 4830
(1,28125,28126) = 8610
(1,29375,29376) = 23970
(1,29791,29792) = 8246
(1,31212,31213) = 9282
(1,32768,32769) = 21846
(1,33614,33615) = 17430
(1,49247,49248) = 46398
(1,50175,50176) = 46830
(1,50624,50625) = 23730
(1,55296,55297) = 30162
(1,57121,57122) = 6214
(1,58563,58564) = 15906
(1,59048,59049) = 4026
(1,59049,59050) = 35430
(1,59535,59536) = 12810
(1,63000,63001) = 52710
(1,65024,65025) = 64770
(1,68607,68608) = 30954
(1,71874,71875) = 7590
(1,76544,76545) = 62790
(1,82943,82944) = 29274
(1,83520,83521) = 14790
(1,90624,90625) = 51330
(1,97199,97200) = 78810
(1,101250,101251) = 41610
(1,105624,105625) = 63570
(1,107648,107649) = 77082
(1,110592,110593) = 94794
(1,117648,117649) = 34314
(2,243,245) = 210
(2,70225,70227) = 27030
(3,125,128) = 30
(3,16807,16810) = 8610
(3,65533,65536) = 5538
(3,69629,69632) = 20706
(4,121,125) = 110
(4,15125,15129) = 13530
(4,59045,59049) = 50610
(4,60021,60025) = 51870
(5,27,32) = 30
(5,507,512) = 390
(5,1024,1029) = 210
(5,28561,28566) = 8970
(5,107648,107653) = 26390
(7,243,250) = 210
(7,3993,4000) = 2310
(7,5625,5632) = 2310
(7,24057,24064) = 21714
(7,32761,32768) = 2534
(7,65529,65536) = 33978
(8,1323,1331) = 462
(8,15625,15633) = 5790
(9,2048,2057) = 1122
(9,6241,6250) = 2370
(9,8183,8192) = 7014
(9,10976,10985) = 2730
(9,15616,15625) = 1830
(9,16375,16384) = 3930
(9,16384,16393) = 7566
(9,64000,64009) = 7590
(10,2187,2197) = 390
(11,2176,2187) = 1122
(11,3125,3136) = 770
(11,4096,4107) = 2442
(11,8181,8192) = 6666
(11,24565,24576) = 5610
(11,36864,36875) = 19470
(11,91125,91136) = 29370
(13,243,256) = 78
(15,85169,85184) = 53130
(16,6859,6875) = 2090
(16,9245,9261) = 9030
(16,14625,14641) = 4290
(16,15609,15625) = 14190
(16,21125,21141) = 11310
(16,28561,28577) = 18122
(16,34375,34391) = 13090
(16,78125,78141) = 12810
(17,5103,5120) = 3570
(17,12150,12167) = 11730
(17,77824,77841) = 60078
(19,6125,6144) = 3990
(19,8000,8019) = 6270
(19,15606,15625) = 9690
(19,43904,43923) = 8778
(19,99981,100000) = 91770
(20,19663,19683) = 11130
(23,2025,2048) = 690
(23,21609,21632) = 12558
(23,34969,34992) = 25806
(23,65513,65536) = 61502
(25,704,729) = 330
(25,2023,2048) = 1190
(25,2376,2401) = 2310
(25,3456,3481) = 1770
(25,9801,9826) = 5610
(25,35912,35937) = 22110
(25,114219,114244) = 101010
(25,117624,117649) = 79170
(27,512,539) = 462
(27,12005,12032) = 9870
(28,50625,50653) = 7770
(29,19683,19712) = 13398
(31,19652,19683) = 3162
(31,41472,41503) = 14322
(32,49,81) = 42
(32,343,375) = 210
(32,11875,11907) = 3990
(32,24025,24057) = 10230
(32,28561,28593) = 27534
(32,34263,34295) = 26790
(35,4096,4131) = 3570
(35,93312,93347) = 67830
(37,32768,32805) = 1110
(37,117612,117649) = 17094
(40,16767,16807) = 4830
(41,10935,10976) = 8610
(49,576,625) = 210
(49,4864,4913) = 4522
(49,14592,14641) = 8778
(49,16335,16384) = 2310
(49,18176,18225) = 14910
(49,28512,28561) = 6006
(49,59000,59049) = 12390
(49,61952,62001) = 38346
(49,62451,62500) = 53970
(49,69120,69169) = 55230
(53,3072,3125) = 1590
(53,6859,6912) = 6042
(56,59319,59375) = 51870
(64,6561,6625) = 1590
(64,6591,6655) = 4290
(64,19683,19747) = 16926
(68,16807,16875) = 3570
(73,15552,15625) = 2190
(81,175,256) = 210
(81,544,625) = 510
(81,1250,1331) = 330
(81,1600,1681) = 1230
(81,2116,2197) = 1794
(81,19375,19456) = 17670
(81,79919,80000) = 48930
(81,117568,117649) = 77154
(83,19600,19683) = 17430
(85,87723,87808) = 67830
(87,102400,102487) = 66990
(89,65536,65625) = 18690
(98,14641,14739) = 7854
(99,2401,2500) = 2310
(100,243,343) = 210
(104,625,729) = 390
(111,28561,28672) = 20202
(119,59049,59168) = 30702
(121,12167,12288) = 1518
(121,16807,16928) = 3542
(121,19652,19773) = 14586
(121,59904,60025) = 30030
(121,78125,78246) = 53130
(125,2187,2312) = 510
(125,3971,4096) = 2090
(125,11907,12032) = 9870
(125,19683,19808) = 18570
(125,32643,32768) = 12090
(125,33489,33614) = 12810
(125,50176,50301) = 4830
(125,62083,62208) = 38010
(128,2997,3125) = 1110
(128,3645,3773) = 2310
(128,4913,5041) = 2414
(128,20449,20577) = 16302
(128,34263,34391) = 33558
(128,59049,59177) = 6018
(128,109375,109503) = 4830
(137,15488,15625) = 15070
(139,2048,2187) = 834
(145,117504,117649) = 103530
(161,6400,6561) = 4830
(162,12005,12167) = 4830
(162,15463,15625) = 9870
(169,343,512) = 182
(169,58880,59049) = 8970
(169,65367,65536) = 20982
(172,83349,83521) = 30702
(192,2209,2401) = 1974
(200,529,729) = 690
(232,50421,50653) = 45066
(243,1088,1331) = 1122
(243,1805,2048) = 570
(243,14641,14884) = 4026
(243,20237,20480) = 12390
(243,21632,21875) = 2730
(243,42632,42875) = 15330
(243,72962,73205) = 63030
(243,78125,78368) = 73470
(256,1331,1587) = 1518
(256,3969,4225) = 2730
(256,27869,28125) = 26970
(284,77841,78125) = 66030
(289,6272,6561) = 714
(289,20736,21025) = 14790
(301,77824,78125) = 57190
(317,19683,20000) = 9510
(317,65219,65536) = 48818
(320,6241,6561) = 2370
(324,117325,117649) = 51870
(343,625,968) = 770
(343,8405,8748) = 8610
(343,59049,59392) = 1218
(351,30625,30976) = 30030
(361,75264,75625) = 43890
(361,118098,118459) = 111606
(375,3721,4096) = 1830
(423,16384,16807) = 1974
(449,117649,118098) = 18858
(459,3125,3584) = 3570
(475,19208,19683) = 3990
(485,58564,59049) = 32010
(491,16384,16875) = 14730
(507,32768,33275) = 4290
(507,77618,78125) = 76830
(512,1675,2187) = 2010
(512,3481,3993) = 3894
(512,11881,12393) = 11118
(512,85293,85805) = 51090
(513,65536,66049) = 29298
(521,117128,117649) = 80234
(529,14112,14641) = 10626
(529,101871,102400) = 53130
(577,82944,83521) = 58854
(607,78125,78732) = 18210
(625,2048,2673) = 330
(625,66603,67228) = 31290
(625,78608,79233) = 39270
(625,103823,104448) = 23970
(637,52488,53125) = 46410
(640,729,1369) = 1110
(648,3125,3773) = 2310
(709,64827,65536) = 29778
(729,14896,15625) = 3990
(729,16807,17536) = 5754
(729,49000,49729) = 46830
(729,81191,81920) = 20130
(729,87079,87808) = 69006
(729,89383,90112) = 52206
(729,99127,99856) = 56406
(729,109744,110473) = 104082
(759,15625,16384) = 7590
(775,78732,79507) = 39990
(784,6075,6859) = 3990
(800,68121,68921) = 35670
(841,77284,78125) = 40310
(847,40625,41472) = 30030
(875,2197,3072) = 2730
(896,49729,50625) = 46830
(961,5600,6561) = 6510
(968,58081,59049) = 15906
(976,59049,60025) = 12810
(984,14641,15625) = 13530
(1024,1377,2401) = 714
(1024,2187,3211) = 1482
(1024,5537,6561) = 4746
(1024,39601,40625) = 25870
(1024,116625,117649) = 65310
(1075,15309,16384) = 9030
(1125,8192,9317) = 2310
(1125,27436,28561) = 7410
(1152,82369,83521) = 29274
(1183,6561,7744) = 6006
(1183,8192,9375) = 2730
(1331,4096,5427) = 4422
(1331,9604,10935) = 2310
(1331,50653,51984) = 46398
(1331,100000,101331) = 45870
(1369,14256,15625) = 12210
(1519,13122,14641) = 14322
(1536,15625,17161) = 3930
(1625,16807,18432) = 2730
(1681,12960,14641) = 13530
(1681,86528,88209) = 35178
(1701,13924,15625) = 12390
(1875,16384,18259) = 17670
(1875,32768,34643) = 21210
(1875,48778,50653) = 32190
(1936,13689,15625) = 4290
(1944,58081,60025) = 50610
(1960,59049,61009) = 51870
(2000,14641,16641) = 14190
(2048,2187,4235) = 2310
(2048,41875,43923) = 22110
(2048,48373,50421) = 33306
(2048,60025,62073) = 43890
(2048,64827,66875) = 22470
(2125,85683,87808) = 46410
(2166,14641,16807) = 8778
(2187,3125,5312) = 2490
(2187,16384,18571) = 15918
(2187,114688,116875) = 39270
(2197,7803,10000) = 6630
(2197,50625,52822) = 30030
(2209,4352,6561) = 4794
(2209,14175,16384) = 9870
(2209,29791,32000) = 14570
(2349,75776,78125) = 32190
(2401,3375,5776) = 3990
(2401,4160,6561) = 2730
(2401,9375,11776) = 4830
(2401,10368,12769) = 4746
(2401,16384,18785) = 15470
(2401,22599,25000) = 6510
(2401,78732,81133) = 43134
(2401,81120,83521) = 46410
(2401,81920,84321) = 72870
(2500,83349,85849) = 61530
(2673,103823,106496) = 40326
(2704,50421,53125) = 46410
(2809,12500,15309) = 11130
(2875,61952,64827) = 53130
(3087,4913,8000) = 3570
(3125,6859,9984) = 7410
(3125,14283,17408) = 11730
(3125,52441,55566) = 48090
(3125,114244,117369) = 62790
(3159,13225,16384) = 8970
(3584,14641,18225) = 2310
(3721,32000,35721) = 12810
(4096,6889,10985) = 10790
(4096,11529,15625) = 12810
(4096,55223,59319) = 12558
(4096,75411,79507) = 34314
(4489,16807,21296) = 10318
(4913,9728,14641) = 7106
(4913,13312,18225) = 6630
(4913,41743,46656) = 25194
(4913,50653,55566) = 26418
(4913,75087,80000) = 52530
(5041,10584,15625) = 14910
(5041,106496,111537) = 94146
(5120,6859,11979) = 6270
(5329,12167,17496) = 10074
(5408,98415,103823) = 18330
(6487,59049,65536) = 38922
(6561,22000,28561) = 4290
(6561,24064,30625) = 9870
(6561,29791,36352) = 13206
(6561,78608,85169) = 16422
(6591,83521,90112) = 14586
(6728,19683,26411) = 13398
(6760,110889,117649) = 101010
(6859,39366,46225) = 24510
(6859,63125,69984) = 57570
(6877,8748,15625) = 8970
(6912,48013,54925) = 51870
(7000,59049,66049) = 53970
(7168,46875,54043) = 39270
(7168,78125,85293) = 2730
(7569,57967,65536) = 15834
(7857,32768,40625) = 37830
(8019,8788,16807) = 6006
(8192,8575,16767) = 4830
(8192,19683,27875) = 6690
(8192,75843,84035) = 11130
(8192,85849,94041) = 75594
(8303,28561,36864) = 34086
(8379,24389,32768) = 23142
(9261,68864,78125) = 56490
(10000,49049,59049) = 30030
(10000,107649,117649) = 93030
(10108,19683,29791) = 24738
(10609,59375,69984) = 58710
(10611,54925,65536) = 51090
(10985,41503,52488) = 30030
(11449,32768,44217) = 10914
(11552,34375,45927) = 43890
(12500,105149,117649) = 60830
(13122,16807,29929) = 7266
(13312,59049,72361) = 20982
(13568,16807,30375) = 11130
(13778,15625,29403) = 27390
(13924,45125,59049) = 33630
(14256,63869,78125) = 72930
(14297,16807,31104) = 20706
(14641,26912,41553) = 36366
(14641,46875,61516) = 30030
(14641,73167,87808) = 13398
(15488,43561,59049) = 58674
(15625,17303,32928) = 30030
(15625,20096,35721) = 32970
(15625,43424,59049) = 40710
(15625,48384,64009) = 53130
(15625,58806,74431) = 71610
(16384,29241,45625) = 41610
(16384,38291,54675) = 19470
(16384,71825,88209) = 72930
(16807,78125,94932) = 61530
(16807,81608,98415) = 21210
(19683,31250,50933) = 49290
(19683,36125,55808) = 55590
(19683,40817,60500) = 39270
(19683,68125,87808) = 22890
(20449,97200,117649) = 30030
(20736,24389,45125) = 16530
(22201,59049,81250) = 58110
(22528,28125,50653) = 12210
(25921,57600,83521) = 82110
(28561,89088,117649) = 15834
(29282,48843,78125) = 22110
(29440,88209,117649) = 53130
(29791,48334,78125) = 44330
(30625,82944,113569) = 70770
(31104,44521,75625) = 69630
(31250,54043,85293) = 72930
(32768,58357,91125) = 26130
(34128,83521,117649) = 56406
(36864,41261,78125) = 10230
(38759,39366,78125) = 23730
(42875,73728,116603) = 67830
(58600,59049,117649) = 61530



